%YAML:1.0

is_sim: 0

gt_file: "/home/narwal/dataset/euroc/V2_01_easy/mav0/state_groundtruth_estimate0/data.csv"
image_path: "/home/narwal/dataset/euroc/V2_01_easy/mav0/cam0/data"
ply_path: "/home/narwal/narwal_ws/src/CalculateImagesOverlapInHDMap/data/data.ply"

#camera calibration 
model_type: PINHOLE
camera_name: camera
image_width: 752
image_height: 480
distortion_parameters:
   k1: -0.28340811
   k2: 0.07395907
   p1: 0.00019359
   p2: -1.76187114e-05
projection_parameters:
   fx: 458.654
   fy: 457.296
   cx: 367.215
   cy: 248.375

#Rotation from camera frame to body frame, b_R_cam
extrinsicRotation: !!opencv-matrix
   rows: 3
   cols: 3
   dt: d
   data: [ 0.0148655429818, -0.999880929698, 0.00414029679422, 0.999557249008, 0.0149672133247, 0.025715529948,
        -0.0257744366974, 0.00375618835797, 0.999660727178]
#Translation from camera frame to body frame, b_R_cam
extrinsicTranslation: !!opencv-matrix
   rows: 3
   cols: 1
   dt: d
   data: [-0.0216401454975, -0.064676986768, 0.00981073058949]